74337
18961
31214
-81901
28823
42714
-79513
82055
50793
-89431
-12174
50151
-96814
77892
-16938
42663
30001
-70135
-83936
50727
65592
-39566
61860
60107
35113
-94852
3957
-21911
-5320
-45112
-62057
-67069
25344
90988
23731
85711
-64753
69343
43713
93392
-93628
-71617
61106
70928
25338
77054
46546
69457
-55687
88287
-95646
99113
31348
-13751
75781
-77079
-11258
-53459
-94846
29463
-98666
14107
-18609
-19273
-2153
80976
13730
45205
28354
-57037
38085
69756
-62587
-36245
-53313
-36957
20601
-92119
93214
80723
94958
-91228
-42311
-89788
-6509
26434
41085
-3605
75624
24464
-64538
98600
20893
-85818
-1697
16381
-92939
-76674
-36548
74092
-59115
34520
83123
-48575
32406
34849
-50792
-79532
35763
-42359
-16870
-84945
46931
69006
97270
5866
74313
96899
57215
19873
11017
89378
72810
-46796
30080
-85989
-68608
-68056
-19426
-34481
40877
80606
70065
-35003
-98329
-69762
-10433
-48528
-15050
-74261
56680
35641
-67644
-56683
80257
-41001
-81104
15470
-36994
73094
-22377
63611
50272
39924
-8937
-47207
-20068
-54533
85011
70864
-50992
77019
-56111
128
36081
13446
-88618
-22798
9954
-97450
-3977
47001
90026
-52876
-35367
-54114
-42550
24173
-77220
-27744
-59589
-69512
-64729
24115
66905
-58616
96932
553
-75060
-91196
-23246
7252
-53405
81575
-53890
49847
-3178
31299
51310
-39823
63960
-29062
29194
61923
-26310
89807
-38660
-16875
-27212
-64317
52371
36000
18678
-3225
-19328
-95516
78048
90479
51907
-72353
439
51010
-20971
3520
33609
-68252
-13013
-89749
-4005
46939
-99385
60381
-69165
64709
39614
83358
-94445
41367
-25294
-3672
22669
-39310
-19192
3404
867
95851
42617
48422
60259
62991
-73922
51796
-93273
-71337
36221
-20055
71252
-34838
44020
86755
57543
88797
54063
-77459
2989
35672
-58504
24770
68076
90790
-3005
-13671
66095
-38345
31742
71126
30592
58100
74146
94270
10242
8497
-24298
-96365
-46375
-67077
17061
25966
-29485
82503
-58823
-37883
83792
40622
-88952
-38827
96840
99981
-2735
-24288
-27321
42177
-56692
-31067
-52422
74908
87585
21734
-68734
773
-82140
84030
-42924
81775
-70635
-57228
78355
-66681
-94377
79049
-92275
13901
-78535
78723
71327
-96215
-99884
8550
-76141
-65798
5956
-44172
10819
61116
77163
51499
82513
-32020
12616
9862
-28907
88594
-13113
23697
23456
73761
-87085
-56774
19935
26780
-49830
6411
-21427
95283
-78165
54724
13342
29520
31797
-59006
-5959
-85878
-98320
36028
-97592
97294
76507
8205
-54444
76058
-62325
-86304
1622
68311
42689
16161
-73416
89012
-88889
80663
3931
-73494
89165
-45047
97699
-27202
-46200
-95876
-19933
95303
-95982
46933
-36993
59552
-2800
-1607
-76677
-80802
-28701
96001
44137
-9807
-40353
8228
89834
-28590
-62796
-52309
-51922
-11964
21718
6664
-46503
65941
-95920
7554
19259
10959
-90458
-40533
52979
-22125
-49849
13535
75440
52181
-28689
91881
-68776
-17327
-54127
-36745
73247
-85927
-92951
70942
42615
46062
-41099
-94145
-68898
55234
-6161
-22932
55205
-34851
12864
46755
-91793
-75162
86071
42449
-89442
54023
-362
-70778
-32936
-82843
39296
88624
-9454
-55553
22988
84651
40687
80425
48096
-71797
88226
83517
76175
5589
-53488
33448
68241
-96737
32228
-2099
52157
-97778
-24230
-73206
49862
13517
-85618
-61554
-96891
63927
98963
23723
51134
54863
67600
-89033
26297
-9432
53154
54387
87396
-89671
-61460
45104
6898
-72935
11420
19334
78126
95220
30986
-17843
64811
86525
-22476
78494
-66663
-29654
4929
57942
63468
12695
46072
25230
177
89941
-79734
92233
13155
-17394
-3111
-15394
61882
-5301
17694
5194
52504
46462
38561
-59836
-872
17505
83685
-71357
-96980
-72784
-85687
41704
32381
60748
6639
16838
-61652
25532
80814
44303
98158
-11376
-93931
-27141
-26515
-227
73394
35424
-7129
15880
30345
15448
-1325
82866
-8021
-3546
-55445
67237
63437
-77248
17871
-28327
-58670
-74556
-50933
-37255
73014
42954
-49976
-88740
-70380
-97033
91564
61320
24318
56323
65036
-44864
25326
98093
-12911
93213
25972
92453
-56360
-46917
