594696
597710
437815
-671974
308205
565132
386390
-1026200
1004667
-455441
-886276
133397
11092
605092
-1102167
758482
262635
-231060
-1770725
1542058
109764
582452
-893969
449206
1677004
-559276
-497661
245875
1203282
-1998107
-998360
-1623258
259164
-69864
866027
354640
117230
1180918
1347533
2235004
-911533
-242380
-1144349
2549474
-783304
129886
84483
1895970
30925
547184
209178
1288247
-758894
867769
-1386439
928899
-1663368
463443
-1438931
-770883
-392281
-1905538
-292351
-378296
-763324
1648683
-52033
1818461
-65628
803147
377481
1254277
-81085
-802789
-1221019
-428061
1151
-1358465
-626747
1322177
1290405
-827368
150787
-839323
1867124
-1176736
545828
-1384662
688516
-99002
723915
516347
1600542
37571
-1002473
-89426
-395014
-1221390
-2238367
760904
-18679
-1175232
87292
1705066
-286969
999580
386181
-133884
-526614
-433217
288210
-2353954
-206462
784578
1671198
-690825
1676510
1382697
2774885
291724
845207
992426
1675769
-547289
-823333
-468871
-787295
-1713823
-895221
-1470889
-37506
-897518
1506094
-90136
-341806
-327347
964019
-342325
-1150170
-1841818
-264641
147699
-55144
-1375946
1392380
644642
-205654
-1529260
448314
847908
-334990
-170097
1016832
1720784
-633256
953404
-688141
483293
-163726
474711
-324593
-672575
355326
317576
511908
648473
-1150959
-188836
-1373286
338534
-1449880
-300707
1250063
-57386
-996070
-722279
1379963
-433864
-446665
-1431303
-776517
-1098021
-1364261
165302
89144
474708
-326541
876181
760751
-1168965
177400
-17411
324853
-1685078
-199054
468667
-303303
1274753
398005
1435288
-679177
1221975
-51677
422029
605581
-206480
770705
-691117
-258264
-157897
-725358
1081965
-872465
-129046
-251559
-739645
1000552
803020
1428928
-1262135
-398531
660209
1758679
-1127398
153231
-255932
-467523
-1504566
-442384
335026
-616163
-1317527
103612
317830
545836
1720833
-1190511
1579596
-1081487
2035353
-1211971
353041
-1399394
527245
-838649
984322
853219
411145
953489
1519886
145376
768570
-760205
-214382
-1380053
-40
-860926
-94444
-855714
1379623
2093491
456637
2127912
-306634
490006
410329
38912
-697022
-380477
734496
345117
-733096
436463
1749329
-123375
339529
878683
292370
705823
820952
1527234
117692
-191613
20378
-1353089
-1231923
-1034313
-657595
-1038819
-518092
480649
-307880
833820
1811627
-496091
-722695
-116602
2662171
256747
-1475157
56464
1549577
-156414
-1018903
-1127226
711916
193240
609560
-1491148
568615
-176381
1298968
-651240
556691
-1285476
-38658
-1100347
1823898
-2232690
402973
-673205
22972
-1413337
25963
1189764
641887
-3316272
1304750
-376431
-335316
-1774405
-537154
29054
-96123
683589
1681774
1486574
460031
1410560
502038
582033
143458
227190
-715942
-66397
821754
-565287
-224626
-1190295
1679694
-1096824
-930598
-996838
1606504
-578812
7419
90487
1935063
-681355
663333
-1234205
514143
-1795985
-637141
-597076
-729569
509162
501928
-831585
1579108
73468
1148771
-1913453
1197636
493519
-213459
-1947046
1368827
478307
547378
-293030
585972
-1087381
1172900
-458654
937333
-696124
-1557139
848486
-761023
878006
-1993051
-366771
1076539
-131113
844508
-1641590
901662
-1844926
1442793
32203
-151215
-1288746
619528
1551315
991986
-1109850
-805173
-187449
-556515
-334557
-742771
-344134
-81963
-357253
324903
-56983
1154536
-1286777
-410459
-827682
1632511
-1484339
-699274
1040830
1444393
-192294
164355
1052797
402269
-1160672
136037
-276755
-10357
-2988518
88158
969083
630073
-425210
-1292455
54188
984647
-381654
-113076
-882007
222204
134829
521802
-84861
-663273
389945
687092
-243648
-1232545
80821
881836
-1165156
-1147110
274157
1280301
-719934
-1043040
325349
1178237
2002063
496384
593117
638950
504636
1340828
1643703
38760
-719354
-295503
1908859
-1153958
-809049
-390383
731080
-1283956
-1035173
-1508451
1745896
-1250915
-173808
-2307675
-167214
-238075
1488795
372403
-227980
1448070
1446825
967712
9854
324003
1553171
-739914
753800
-1266241
-68570
-812297
1754057
-1071036
-1110624
-560405
1489691
484242
429735
446282
1443496
1395084
1185802
165209
-389766
-120540
-719043
546875
-92304
690778
-1091736
1279181
531951
849234
267792
370195
316232
308419
-1245004
581177
-548099
1304822
-1122368
-1104
1004009
255511
1090009
-791641
310454
40270
1312696
-808689
-1411983
-1921604
-69729
-863152
26800
-348257
30156
342250
-198397
1543877
889924
1800547
300243
367415
-822289
-239800
160759
-140017
143194
-594320
-325639
-18467
418384
1239575
575995
405224
639855
82325
-1135877
660814
806152
96343
-1749693
356586
-304493
-1166836
-1238442
-1016040
794925
-673010
-216425
-1213866
-400127
-329018
827817
254540
320648
-381365
1292057
673560
1430059
879719
1678157
479705
-84886
1070329
176728
-438200
